<?xml version="1.0" encoding="UTF-8" standalone="no"?>
<!DOCTYPE svg PUBLIC "-//W3C//DTD SVG 20010904//EN"
              "http://www.w3.org/TR/2001/REC-SVG-20010904/DTD/svg10.dtd">

<svg xmlns="http://www.w3.org/2000/svg">
  <path id="BlueMontains"
        fill="#8F04A8" stroke="black" stroke-width="1"
        d="M 111.00,26.00
           C 111.00,26.00 134.00,18.00 134.00,18.00
             129.57,26.50 124.98,25.03 117.00,27.00
             117.00,27.00 120.00,32.00 120.00,32.00
             120.00,32.00 111.00,34.00 111.00,34.00
             110.76,29.78 109.78,29.97 106.00,31.00
             106.00,31.00 105.00,28.00 105.00,28.00
             105.00,28.00 106.00,33.00 106.00,33.00
             104.04,35.29 103.97,35.13 105.00,38.00
             105.00,38.00 100.00,37.00 100.00,37.00
             100.00,37.00 104.00,40.00 104.00,40.00
             104.00,40.00 98.00,46.00 98.00,46.00
             98.00,46.00 101.00,48.00 101.00,48.00
             101.00,48.00 98.00,54.00 98.00,54.00
             98.00,54.00 104.00,57.00 104.00,57.00
             104.00,57.00 98.00,56.00 98.00,56.00
             98.00,56.00 102.00,59.00 102.00,59.00
             102.00,59.00 97.00,59.00 97.00,59.00
             97.00,59.00 100.00,64.00 100.00,64.00
             100.00,64.00 94.00,63.00 94.00,63.00
             94.00,63.00 97.00,67.00 97.00,67.00
             97.00,67.00 93.00,67.00 93.00,67.00
             93.00,67.00 102.00,71.00 102.00,71.00
             102.00,71.00 98.00,68.00 98.00,68.00
             98.00,68.00 103.00,65.00 103.00,65.00
             103.00,65.00 101.00,65.00 101.00,65.00
             101.00,65.00 101.00,64.00 101.00,64.00
             101.00,64.00 105.00,56.00 105.00,56.00
             113.83,60.54 108.34,65.78 106.87,71.00
             106.87,71.00 106.05,76.00 106.05,76.00
             103.65,85.01 101.73,81.46 105.00,92.00
             96.66,99.57 106.16,100.36 106.29,107.00
             106.37,110.98 93.23,125.95 105.02,127.95
             105.02,127.95 110.00,127.95 110.00,127.95
             110.00,127.95 114.00,127.95 114.00,127.95
             110.72,132.89 102.25,130.91 97.00,131.00
             90.70,131.12 91.06,132.38 86.00,135.00
             86.00,135.00 87.00,128.00 87.00,128.00
             87.00,128.00 82.00,126.00 82.00,126.00
             82.00,126.00 88.00,126.00 88.00,126.00
             88.00,126.00 87.00,122.00 87.00,122.00
             87.00,122.00 85.00,125.00 85.00,125.00
             85.00,125.00 85.00,121.00 85.00,121.00
             85.00,121.00 90.00,117.00 90.00,117.00
             90.00,117.00 80.00,115.00 80.00,115.00
             80.00,115.00 81.92,119.18 81.92,119.18
             81.92,119.18 79.00,132.00 79.00,132.00
             79.00,132.00 78.00,128.00 78.00,128.00
             71.93,132.26 66.74,126.92 65.00,121.00
             73.21,118.59 76.96,118.06 70.00,110.00
             83.18,107.09 68.01,98.83 64.15,95.77
             62.83,94.73 61.14,93.28 61.72,91.37
             62.61,88.41 70.33,87.01 73.00,87.17
             77.08,87.41 77.05,88.58 82.00,88.00
             82.00,88.00 71.64,73.00 71.64,73.00
             70.50,71.27 68.94,68.45 69.70,66.31
             70.71,63.49 74.69,64.29 76.98,63.69
             79.76,62.95 80.26,62.03 82.00,60.00
             82.00,60.00 76.00,57.00 76.00,57.00
             78.32,48.14 70.88,51.16 67.00,39.00
             77.88,34.92 78.57,39.10 84.00,37.40
             86.07,36.75 88.02,35.12 90.00,34.12
             90.00,34.12 105.00,27.76 105.00,27.76
             107.68,26.98 110.50,28.08 114.00,27.76
             114.00,27.76 111.00,26.00 111.00,26.00 Z
           M 98.00,73.00
           C 94.21,73.66 92.61,74.24 95.00,78.00
             95.00,78.00 92.00,79.00 92.00,79.00
             92.00,79.00 97.00,82.00 97.00,82.00
             97.00,82.00 91.00,82.00 91.00,82.00
             91.00,82.00 93.00,83.00 93.00,83.00
             93.00,83.00 88.00,82.00 88.00,82.00
             88.00,82.00 92.00,85.00 92.00,85.00
             88.47,85.61 88.34,85.67 87.00,89.00
             87.00,89.00 97.00,91.00 97.00,91.00
             97.00,91.00 96.00,86.00 96.00,86.00
             96.00,86.00 98.00,84.00 98.00,84.00
             98.00,84.00 94.00,83.00 94.00,83.00
             94.00,83.00 99.00,83.00 99.00,83.00
             99.00,83.00 99.00,79.00 99.00,79.00
             99.00,79.00 96.00,78.00 96.00,78.00
             99.34,77.42 99.77,77.46 100.00,74.00
             100.00,74.00 97.00,77.00 97.00,77.00
             97.00,77.00 98.00,73.00 98.00,73.00 Z
           M 87.00,90.00
           C 87.00,90.00 86.00,91.00 86.00,91.00
             90.29,93.33 93.19,94.89 98.00,93.00
             98.00,93.00 87.00,90.00 87.00,90.00 Z
           M 95.00,98.00
           C 95.00,98.00 87.00,97.00 87.00,97.00
             87.00,97.00 87.00,101.00 87.00,101.00
             87.00,101.00 90.00,102.00 90.00,102.00
             90.00,102.00 86.00,103.00 86.00,103.00
             86.00,103.00 93.00,103.00 93.00,103.00
             93.00,103.00 91.00,102.00 91.00,102.00
             91.00,102.00 94.00,101.00 94.00,101.00
             94.00,101.00 89.00,98.00 89.00,98.00
             89.00,98.00 95.00,98.00 95.00,98.00 Z
           M 93.00,105.00
           C 93.00,105.00 86.00,105.00 86.00,105.00
             86.00,105.00 91.00,108.00 91.00,108.00
             91.00,108.00 85.00,108.00 85.00,108.00
             85.00,108.00 90.00,112.00 90.00,112.00
             90.00,112.00 82.00,110.00 82.00,110.00
             84.36,113.43 87.08,113.44 91.00,114.00
             91.00,114.00 93.00,105.00 93.00,105.00 Z" />
</svg>
