<?xml version="1.0" encoding="UTF-8" standalone="no"?>
<!DOCTYPE svg PUBLIC "-//W3C//DTD SVG 20010904//EN"
              "http://www.w3.org/TR/2001/REC-SVG-20010904/DTD/svg10.dtd">

<svg xmlns="http://www.w3.org/2000/svg">
  <path id="Lorien"
        fill="#8F04A8" stroke="black" stroke-width="1"
        d="M 382.00,219.00
           C 380.85,217.58 379.78,216.45 379.06,214.74
             376.60,208.91 379.34,206.04 385.00,204.68
             389.56,203.59 405.47,205.98 408.69,209.30
             413.09,213.86 409.97,225.25 403.98,227.28
             402.00,227.65 400.05,227.79 398.00,227.28
             393.71,226.88 380.02,221.82 377.00,219.00
             377.00,219.00 382.00,219.00 382.00,219.00 Z
           M 395.00,211.00
           C 393.77,214.10 393.77,215.90 395.00,219.00
             395.00,219.00 395.00,211.00 395.00,211.00 Z
           M 385.02,213.91
           C 381.20,216.34 384.27,218.36 385.74,218.09
             387.19,217.83 389.03,214.89 385.02,213.91 Z
           M 393.00,213.00
           C 393.00,213.00 389.00,213.00 389.00,213.00
             389.00,213.00 389.00,219.00 389.00,219.00
             389.00,219.00 391.00,219.00 391.00,219.00
             391.00,219.00 393.00,213.00 393.00,213.00 Z
           M 402.00,216.00
           C 402.00,216.00 401.08,214.62 401.08,214.62
             395.41,210.60 396.69,222.58 402.00,217.00
             402.00,217.00 398.00,216.00 398.00,216.00
             398.00,216.00 402.00,216.00 402.00,216.00 Z
           M 409.00,219.00
           C 408.58,213.94 408.06,213.42 403.00,213.00
             403.00,213.00 403.00,219.00 403.00,219.00
             403.00,219.00 405.00,219.00 405.00,219.00
             405.00,219.00 407.00,214.00 407.00,214.00
             407.00,214.00 407.00,219.00 407.00,219.00
             407.00,219.00 409.00,219.00 409.00,219.00 Z" />
</svg>
