<?xml version="1.0" encoding="UTF-8" standalone="no"?>
<!DOCTYPE svg PUBLIC "-//W3C//DTD SVG 20010904//EN"
              "http://www.w3.org/TR/2001/REC-SVG-20010904/DTD/svg10.dtd">

<svg xmlns="http://www.w3.org/2000/svg">
  <path id="MistyMountains"
        fill="#8F04A8" stroke="black" stroke-width="1"
        d="M 368.00,52.00
           C 368.00,52.00 370.00,52.00 370.00,52.00
             370.00,52.00 369.00,58.00 369.00,58.00
             369.00,58.00 374.00,53.00 374.00,53.00
             374.00,53.00 375.00,58.00 375.00,58.00
             377.45,54.21 380.74,53.76 385.00,53.00
             385.48,62.82 388.80,65.03 393.10,73.00
             393.10,73.00 399.18,89.00 399.18,89.00
             402.37,96.03 404.61,96.16 406.00,105.00
             406.00,105.00 399.00,109.00 399.00,109.00
             399.00,109.00 401.00,103.00 401.00,103.00
             401.00,103.00 398.00,111.00 398.00,111.00
             398.00,111.00 405.00,107.00 405.00,107.00
             405.00,107.00 403.00,113.00 403.00,113.00
             403.00,113.00 406.00,112.00 406.00,112.00
             406.00,112.00 407.00,134.00 407.00,134.00
             407.00,134.00 405.26,141.35 405.26,141.35
             405.26,141.35 396.00,145.00 396.00,145.00
             396.00,145.00 396.00,148.00 396.00,148.00
             397.47,148.58 398.60,148.90 399.93,149.87
             405.43,153.87 402.15,160.05 397.90,163.51
             397.90,163.51 391.11,167.64 391.11,167.64
             389.60,168.83 389.15,169.57 388.00,171.00
             388.00,171.00 392.00,173.00 392.00,173.00
             389.45,176.40 382.37,181.77 382.02,185.00
             381.55,189.43 388.84,193.54 386.58,198.90
             384.34,204.22 374.61,204.68 371.61,208.41
             369.32,211.27 371.29,213.90 369.89,216.83
             369.01,218.68 365.90,221.18 364.39,223.04
             364.39,223.04 358.00,233.00 358.00,233.00
             358.00,233.00 364.00,236.00 364.00,236.00
             364.00,236.00 357.03,250.00 357.03,250.00
             357.03,250.00 354.57,255.91 354.57,255.91
             354.57,255.91 349.73,263.04 349.73,263.04
             349.73,263.04 349.08,280.00 349.08,280.00
             349.08,280.00 347.43,286.83 347.43,286.83
             347.43,286.83 338.00,288.00 338.00,288.00
             337.25,284.86 335.85,279.55 332.05,278.90
             330.07,278.56 325.29,281.93 323.00,282.88
             318.53,284.74 316.65,284.08 312.00,284.00
             312.00,284.00 312.00,288.00 312.00,288.00
             316.59,287.19 319.21,285.91 321.00,291.00
             321.00,291.00 310.00,289.00 310.00,289.00
             310.76,281.93 310.90,277.81 316.21,272.17
             320.33,267.79 330.07,261.81 332.41,256.28
             334.37,251.66 328.61,248.81 329.99,244.04
             331.36,239.27 341.88,233.30 344.86,227.99
             346.30,225.43 348.84,217.75 347.80,215.01
             346.47,211.53 341.68,209.57 343.17,206.18
             344.98,202.06 350.42,204.03 354.00,198.00
             354.00,198.00 358.00,200.00 358.00,200.00
             358.00,200.00 359.00,197.00 359.00,197.00
             359.00,197.00 359.00,201.00 359.00,201.00
             359.00,201.00 361.00,201.00 361.00,201.00
             361.00,201.00 361.00,193.00 361.00,193.00
             361.00,193.00 357.00,197.00 357.00,197.00
             353.62,190.50 360.36,184.24 360.49,180.13
             360.63,175.39 351.63,176.92 351.63,172.00
             351.63,169.29 354.98,168.07 357.00,167.15
             361.93,164.93 365.74,164.15 368.45,158.98
             368.45,158.98 375.56,144.00 375.56,144.00
             376.32,141.53 377.16,135.35 378.82,133.83
             380.56,132.23 384.72,132.92 387.00,133.00
             387.00,133.00 386.00,136.00 386.00,136.00
             386.00,136.00 391.00,131.00 391.00,131.00
             389.73,139.77 393.84,139.76 397.00,131.00
             397.00,131.00 388.00,127.00 388.00,127.00
             388.00,127.00 387.00,132.00 387.00,132.00
             387.00,132.00 387.00,127.00 387.00,127.00
             387.00,127.00 380.00,129.00 380.00,129.00
             382.51,122.96 385.90,129.27 390.00,122.00
             386.67,123.75 385.64,124.41 382.00,123.00
             388.20,117.55 392.34,101.95 389.40,94.00
             388.33,91.10 385.60,88.57 383.00,87.01
             376.67,83.20 363.44,84.01 356.00,84.00
             351.90,83.99 342.83,83.27 339.00,82.32
             336.97,81.81 333.63,80.73 333.61,78.12
             333.58,73.98 341.60,75.16 344.00,75.67
             356.59,78.34 349.86,79.01 366.00,80.15
             369.11,80.37 374.00,80.91 376.36,78.28
             378.77,75.59 375.84,71.34 374.23,69.00
             369.14,61.59 364.93,60.72 368.00,52.00 Z
           M 404.00,116.70
           C 398.79,110.05 394.47,114.14 393.00,121.00
             393.00,121.00 401.00,124.00 401.00,124.00
             399.09,120.62 393.04,116.42 399.20,116.70
             399.20,116.70 401.04,116.70 401.04,116.70
             401.04,116.70 404.00,116.70 404.00,116.70 Z
           M 392.00,123.00
           C 391.07,127.31 395.76,127.65 399.00,128.00
             399.00,128.00 392.00,123.00 392.00,123.00 Z
           M 387.00,138.00
           C 387.00,138.00 381.00,141.00 381.00,141.00
             384.71,144.78 390.48,147.25 393.00,141.00
             393.00,141.00 386.00,142.00 386.00,142.00
             386.00,142.00 387.00,138.00 387.00,138.00 Z
           M 390.00,150.00
           C 383.86,144.19 380.73,146.82 379.00,154.00
             379.00,154.00 387.00,157.00 387.00,157.00
             387.00,157.00 382.00,149.00 382.00,149.00
             382.00,149.00 390.00,150.00 390.00,150.00 Z
           M 385.00,160.00
           C 385.00,160.00 377.00,157.00 377.00,157.00
             377.00,157.00 382.00,165.00 382.00,165.00
             382.00,165.00 374.00,164.00 374.00,164.00
             380.14,169.81 383.27,167.18 385.00,160.00 Z
           M 375.06,168.66
           C 368.83,171.05 370.72,178.43 375.91,177.58
             380.08,176.90 381.92,169.66 375.06,168.66 Z
           M 376.00,184.00
           C 374.39,179.48 370.20,178.78 366.00,177.00
             365.43,181.54 366.64,182.27 369.00,186.00
             364.84,186.05 363.62,185.50 361.00,189.00
             361.00,189.00 372.00,194.00 372.00,194.00
             370.56,189.96 368.68,189.94 365.00,188.00
             365.00,188.00 372.00,188.00 372.00,188.00
             372.00,188.00 369.00,181.00 369.00,181.00
             369.00,181.00 376.00,184.00 376.00,184.00 Z
           M 376.00,193.00
           C 376.00,193.00 374.00,193.00 374.00,193.00
             370.21,196.38 369.46,195.51 369.00,201.00
             369.00,201.00 371.00,201.00 371.00,201.00
             371.00,201.00 371.00,197.00 371.00,197.00
             371.00,197.00 374.00,197.00 374.00,197.00
             374.00,197.00 374.00,201.00 374.00,201.00
             374.00,201.00 376.00,201.00 376.00,201.00
             376.00,201.00 376.00,193.00 376.00,193.00 Z
           M 383.00,201.00
           C 382.63,196.56 382.52,195.79 378.00,195.00
             378.00,195.00 377.00,201.00 377.00,201.00
             377.00,201.00 383.00,201.00 383.00,201.00 Z
           M 357.00,209.00
           C 357.00,209.00 355.00,210.00 355.00,210.00
             355.00,210.00 359.00,216.00 359.00,216.00
             353.55,216.19 352.23,216.41 351.00,222.00
             351.00,222.00 348.00,221.00 348.00,221.00
             348.00,221.00 349.00,226.00 349.00,226.00
             352.66,225.82 359.07,227.93 358.00,222.00
             358.00,222.00 357.00,225.00 357.00,225.00
             357.00,225.00 352.00,223.00 352.00,223.00
             355.55,216.93 358.46,217.01 363.00,222.00
             364.03,215.90 360.50,213.68 357.00,209.00 Z
           M 350.00,227.00
           C 350.00,227.00 348.00,227.00 348.00,227.00
             348.00,227.00 347.00,235.00 347.00,235.00
             347.00,235.00 354.00,231.00 354.00,231.00
             354.00,231.00 352.00,237.00 352.00,237.00
             357.04,233.71 355.51,229.29 353.02,229.34
             351.19,229.37 349.19,231.81 348.00,233.00
             348.00,233.00 350.00,227.00 350.00,227.00 Z
           M 345.00,236.00
           C 345.06,239.86 348.81,240.39 352.00,241.00
             352.00,241.00 345.00,236.00 345.00,236.00 Z
           M 350.00,246.00
           C 347.58,242.10 344.27,241.21 340.00,240.00
             340.00,240.00 339.00,241.00 339.00,241.00
             339.00,241.00 344.00,249.00 344.00,249.00
             339.54,249.02 337.81,248.25 335.00,252.00
             335.00,252.00 346.00,256.00 346.00,256.00
             346.00,256.00 340.00,251.00 340.00,251.00
             340.00,251.00 346.00,251.00 346.00,251.00
             346.00,251.00 343.00,244.00 343.00,244.00
             343.00,244.00 350.00,246.00 350.00,246.00 Z" />
</svg>
