<?xml version="1.0" encoding="UTF-8" standalone="no"?>
<!DOCTYPE svg PUBLIC "-//W3C//DTD SVG 20010904//EN"
              "http://www.w3.org/TR/2001/REC-SVG-20010904/DTD/svg10.dtd">

<svg xmlns="http://www.w3.org/2000/svg">
  <path id="WhiteMountains"
        fill="#8F04A8" stroke="black" stroke-width="1"
        d="M 332.00,309.00
           C 332.00,309.00 345.00,306.20 345.00,306.20
             345.00,306.20 363.00,313.00 363.00,313.00
             363.00,313.00 361.00,317.00 361.00,317.00
             361.00,317.00 368.00,320.00 368.00,320.00
             368.00,320.00 368.00,321.00 368.00,321.00
             368.00,321.00 366.00,323.00 366.00,323.00
             371.78,323.76 375.44,325.50 380.00,321.00
             385.12,321.69 387.94,321.51 391.00,326.00
             391.00,326.00 385.40,330.25 385.40,330.25
             385.40,330.25 389.00,342.00 389.00,342.00
             394.34,342.00 400.75,341.00 404.00,346.00
             408.61,346.48 411.49,349.28 414.00,353.00
             414.00,353.00 416.00,349.00 416.00,349.00
             416.00,349.00 425.00,350.00 425.00,350.00
             425.00,350.00 426.00,358.00 426.00,358.00
             426.00,358.00 429.00,355.00 429.00,355.00
             429.00,355.00 433.00,358.00 433.00,358.00
             434.68,356.84 435.03,358.52 436.00,360.00
             436.99,354.26 440.98,354.53 446.00,355.47
             446.00,355.47 457.00,358.39 457.00,358.39
             457.00,358.39 471.00,357.84 471.00,357.84
             471.00,357.84 482.00,360.85 482.00,360.85
             486.21,361.26 488.54,359.74 491.98,360.85
             496.75,362.85 497.91,366.84 491.00,368.00
             491.00,368.00 491.00,364.00 491.00,364.00
             491.00,364.00 487.00,367.00 487.00,367.00
             487.00,367.00 486.00,364.00 486.00,364.00
             486.00,364.00 485.00,367.00 485.00,367.00
             485.00,367.00 484.00,364.00 484.00,364.00
             483.45,373.97 485.05,369.20 488.00,378.00
             482.47,376.82 477.53,375.70 479.00,369.00
             479.00,369.00 476.00,369.00 476.00,369.00
             476.92,374.88 475.12,381.14 469.00,383.00
             469.88,376.35 471.84,372.91 468.00,367.00
             466.36,368.37 463.36,369.94 463.06,372.14
             462.72,374.64 465.81,378.96 463.94,381.36
             462.44,383.28 459.88,381.79 458.51,380.57
             455.49,377.87 455.21,374.97 446.00,368.00
             446.00,368.00 445.00,374.00 445.00,374.00
             440.23,372.70 438.29,371.43 436.00,367.00
             430.59,369.72 431.23,371.58 428.00,376.00
             428.00,376.00 428.00,361.00 428.00,361.00
             428.00,361.00 427.00,360.00 427.00,360.00
             415.03,366.59 423.36,373.77 410.00,376.00
             413.86,367.92 415.07,365.32 410.00,357.00
             410.00,357.00 410.00,362.00 410.00,362.00
             410.00,362.00 401.00,354.00 401.00,354.00
             401.00,354.00 400.00,344.00 400.00,344.00
             399.84,346.48 400.40,351.38 398.40,352.98
             396.31,354.64 383.11,352.91 389.53,360.78
             389.53,360.78 392.00,363.00 392.00,363.00
             392.00,363.00 392.00,365.00 392.00,365.00
             380.43,367.81 375.38,363.92 365.00,360.00
             365.00,360.00 375.00,348.00 375.00,348.00
             375.00,348.00 354.00,349.00 354.00,349.00
             355.82,342.24 359.09,339.95 351.00,340.00
             351.00,340.00 350.00,336.00 350.00,336.00
             350.00,336.00 348.00,338.00 348.00,338.00
             348.00,338.00 349.00,334.00 349.00,334.00
             349.00,334.00 350.00,334.00 350.00,334.00
             350.00,334.00 352.00,336.00 352.00,336.00
             348.87,331.74 347.54,335.77 347.00,339.00
             341.23,342.54 347.29,348.40 340.04,348.63
             334.03,348.82 337.54,336.61 330.21,340.23
             327.29,341.67 326.61,345.61 321.96,349.79
             315.84,355.28 305.08,358.86 297.00,360.00
             298.39,351.62 308.92,349.36 314.00,343.00
             300.84,343.00 304.38,344.32 297.00,344.91
             293.89,345.16 287.57,344.62 285.04,345.60
             281.35,347.02 279.24,350.16 280.00,354.00
             275.64,356.02 270.63,356.90 266.00,354.99
             260.52,352.73 258.84,348.92 263.06,344.30
             263.06,344.30 266.42,341.16 266.42,341.16
             271.47,337.83 276.45,340.85 282.00,341.16
             286.75,341.10 297.80,339.77 302.00,337.92
             309.45,334.63 306.62,332.19 317.00,332.00
             317.00,332.00 331.41,330.68 331.41,330.68
             332.79,331.29 332.89,332.73 333.00,333.00
             333.00,333.00 337.00,331.00 337.00,331.00
             337.00,331.00 338.58,325.91 338.58,325.91
             338.58,325.91 343.00,317.00 343.00,317.00
             337.92,315.77 336.08,315.77 331.00,317.00
             331.00,317.00 330.00,313.00 330.00,313.00
             330.00,313.00 334.00,313.00 334.00,313.00
             334.00,313.00 332.00,309.00 332.00,309.00 Z
           M 346.00,332.00
           C 342.47,332.61 342.34,332.67 341.00,336.00
             341.00,336.00 346.00,335.00 346.00,335.00
             346.00,335.00 346.00,332.00 346.00,332.00 Z
           M 358.00,333.00
           C 356.33,335.59 356.05,336.02 357.00,339.00
             357.00,339.00 358.00,336.00 358.00,336.00
             358.00,336.00 359.00,342.00 359.00,342.00
             360.67,339.41 360.95,338.98 360.00,336.00
             360.00,336.00 359.00,339.00 359.00,339.00
             359.00,339.00 358.00,333.00 358.00,333.00 Z
           M 370.00,339.00
           C 367.67,338.48 365.26,337.65 366.00,341.00
             366.00,341.00 366.00,340.00 366.00,340.00
             366.00,340.00 368.00,339.00 368.00,339.00
             368.00,339.00 369.00,342.00 369.00,342.00
             369.00,342.00 370.00,339.00 370.00,339.00 Z
           M 371.00,338.00
           C 371.00,338.00 370.00,338.00 370.00,338.00
             370.00,338.00 371.00,339.00 371.00,339.00
             371.00,339.00 371.00,338.00 371.00,338.00 Z
           M 372.00,339.00
           C 372.00,339.00 372.00,344.00 372.00,344.00
             372.00,344.00 372.00,339.00 372.00,339.00 Z
           M 385.00,340.00
           C 385.00,340.00 384.00,340.00 384.00,340.00
             384.00,340.00 385.00,341.00 385.00,341.00
             385.00,341.00 385.00,340.00 385.00,340.00 Z
           M 381.00,341.00
           C 381.00,341.00 378.00,342.00 378.00,342.00
             378.00,342.00 380.00,343.00 380.00,343.00
             380.00,343.00 377.00,344.00 377.00,344.00
             377.00,344.00 380.00,345.00 380.00,345.00
             380.00,345.00 377.00,347.00 377.00,347.00
             380.83,345.66 380.67,344.91 381.00,341.00 Z
           M 389.00,343.00
           C 389.00,343.00 385.00,343.00 385.00,343.00
             385.00,343.00 388.00,348.00 388.00,348.00
             388.00,348.00 386.00,344.00 386.00,344.00
             386.00,344.00 389.00,343.00 389.00,343.00 Z
           M 395.00,343.00
           C 395.00,343.00 394.00,343.00 394.00,343.00
             394.00,343.00 395.00,344.00 395.00,344.00
             395.00,344.00 395.00,343.00 395.00,343.00 Z
           M 371.00,344.00
           C 371.00,344.00 370.00,344.00 370.00,344.00
             370.00,344.00 371.00,345.00 371.00,345.00
             371.00,345.00 371.00,344.00 371.00,344.00 Z
           M 397.00,345.00
           C 397.00,345.00 397.00,352.00 397.00,352.00
             397.00,352.00 397.00,345.00 397.00,345.00 Z
           M 393.00,347.00
           C 393.00,347.00 393.00,352.00 393.00,352.00
             393.00,352.00 393.00,347.00 393.00,347.00 Z
           M 408.00,348.00
           C 408.00,348.00 405.00,347.00 405.00,347.00
             405.00,347.00 405.00,350.00 405.00,350.00
             405.00,350.00 408.00,348.00 408.00,348.00 Z
           M 420.00,351.00
           C 420.00,351.00 417.00,352.00 417.00,352.00
             417.00,352.00 418.00,355.00 418.00,355.00
             418.00,355.00 420.00,351.00 420.00,351.00 Z
           M 410.00,354.00
           C 410.00,354.00 409.00,354.00 409.00,354.00
             409.00,354.00 410.00,355.00 410.00,355.00
             410.00,355.00 410.00,354.00 410.00,354.00 Z
           M 447.00,358.00
           C 447.00,358.00 443.00,358.00 443.00,358.00
             443.00,358.00 444.00,362.00 444.00,362.00
             444.00,362.00 446.00,359.00 446.00,359.00
             446.00,359.00 447.00,363.00 447.00,363.00
             447.00,363.00 447.00,358.00 447.00,358.00 Z
           M 450.00,358.00
           C 450.00,358.00 450.00,362.00 450.00,362.00
             450.00,362.00 450.00,358.00 450.00,358.00 Z
           M 460.00,359.00
           C 460.00,359.00 459.00,359.00 459.00,359.00
             459.00,359.00 460.00,360.00 460.00,360.00
             460.00,360.00 460.00,359.00 460.00,359.00 Z
           M 441.00,360.00
           C 441.00,360.00 438.00,363.00 438.00,363.00
             438.00,363.00 441.00,360.00 441.00,360.00 Z
           M 456.00,361.00
           C 456.00,361.00 456.00,365.00 456.00,365.00
             456.00,365.00 456.00,361.00 456.00,361.00 Z
           M 463.00,362.00
           C 463.00,362.00 462.00,362.00 462.00,362.00
             462.00,362.00 463.00,363.00 463.00,363.00
             463.00,363.00 463.00,362.00 463.00,362.00 Z
           M 453.00,363.00
           C 453.00,363.00 452.00,363.00 452.00,363.00
             452.00,363.00 453.00,364.00 453.00,364.00
             453.00,364.00 453.00,363.00 453.00,363.00 Z
           M 464.00,363.00
           C 464.00,363.00 464.00,368.00 464.00,368.00
             464.00,368.00 464.00,363.00 464.00,363.00 Z
           M 472.00,363.00
           C 472.00,363.00 471.00,363.00 471.00,363.00
             471.00,363.00 472.00,364.00 472.00,364.00
             472.00,364.00 472.00,363.00 472.00,363.00 Z
           M 478.00,363.00
           C 478.00,363.00 476.00,363.00 476.00,363.00
             476.00,363.00 477.00,367.00 477.00,367.00
             477.00,367.00 478.00,363.00 478.00,363.00 Z
           M 480.00,363.00
           C 480.00,363.00 481.00,367.00 481.00,367.00
             481.00,367.00 480.00,363.00 480.00,363.00 Z
           M 450.00,365.00
           C 450.00,365.00 449.00,365.00 449.00,365.00
             449.00,365.00 450.00,366.00 450.00,366.00
             450.00,366.00 450.00,365.00 450.00,365.00 Z
           M 466.00,365.00
           C 466.00,365.00 465.00,365.00 465.00,365.00
             465.00,365.00 466.00,366.00 466.00,366.00
             466.00,366.00 466.00,365.00 466.00,365.00 Z
           M 479.00,365.00
           C 479.00,365.00 478.00,365.00 478.00,365.00
             478.00,365.00 479.00,366.00 479.00,366.00
             479.00,366.00 479.00,365.00 479.00,365.00 Z
           M 467.00,366.00
           C 467.00,366.00 466.00,366.00 466.00,366.00
             466.00,366.00 467.00,367.00 467.00,367.00
             467.00,367.00 467.00,366.00 467.00,366.00 Z
           M 463.00,368.00
           C 463.00,368.00 462.00,368.00 462.00,368.00
             462.00,368.00 463.00,369.00 463.00,369.00
             463.00,369.00 463.00,368.00 463.00,368.00 Z
           M 481.00,369.00
           C 481.00,369.00 480.00,369.00 480.00,369.00
             480.00,369.00 481.00,370.00 481.00,370.00
             481.00,370.00 481.00,369.00 481.00,369.00 Z" />
</svg>
