<?xml version="1.0" encoding="UTF-8" standalone="no"?>
<!DOCTYPE svg PUBLIC "-//W3C//DTD SVG 20010904//EN"
              "http://www.w3.org/TR/2001/REC-SVG-20010904/DTD/svg10.dtd">

<svg xmlns="http://www.w3.org/2000/svg">
  <path id="AshMountains"
        fill="none" stroke="black" stroke-width="1"
        d="M 639.00,320.00
           C 641.25,321.24 644.49,323.39 647.00,323.60
             647.00,323.60 661.00,319.89 661.00,319.89
             664.05,319.20 668.49,319.07 671.00,317.83
             676.92,314.90 674.12,313.09 685.00,311.00
             690.33,315.65 692.33,311.92 698.00,312.08
             698.00,312.08 709.00,315.00 709.00,315.00
             702.85,317.85 697.64,317.00 691.00,317.00
             694.97,320.92 697.71,320.00 703.00,320.00
             700.85,322.79 700.03,322.24 697.16,323.87
             684.73,330.94 688.12,326.40 677.00,327.89
             677.00,327.89 669.00,330.00 669.00,330.00
             663.93,326.36 655.62,331.12 655.00,337.00
             648.66,342.21 650.73,343.41 647.57,346.32
             644.32,349.31 638.28,350.64 634.00,351.00
             634.00,351.00 637.09,357.87 637.09,357.87
             637.09,357.87 631.13,362.55 631.13,362.55
             631.13,362.55 625.74,366.42 625.74,366.42
             625.74,366.42 610.00,368.00 610.00,368.00
             610.92,369.26 612.97,371.71 613.27,373.15
             614.35,378.32 606.61,379.80 603.00,379.96
             595.81,380.28 590.93,377.98 584.00,377.00
             588.72,369.97 601.70,371.06 603.00,360.00
             603.00,360.00 612.98,356.35 612.98,356.35
             612.98,356.35 623.00,348.00 623.00,348.00
             623.33,341.87 629.89,341.17 635.00,340.00
             635.00,340.00 633.00,333.00 633.00,333.00
             637.05,333.21 638.95,333.67 639.00,329.00
             639.00,329.00 638.00,332.00 638.00,332.00
             638.00,332.00 629.00,328.00 629.00,328.00
             625.81,333.63 622.16,334.84 616.00,335.00
             616.00,335.00 618.00,339.00 618.00,339.00
             618.00,339.00 607.17,338.44 607.17,338.44
             607.17,338.44 599.99,335.11 599.99,335.11
             599.99,335.11 587.00,335.11 587.00,335.11
             587.00,335.11 587.00,344.00 587.00,344.00
             587.00,344.00 592.00,343.00 592.00,343.00
             587.95,348.21 573.34,346.00 567.00,346.00
             567.00,346.00 573.00,335.00 573.00,335.00
             569.34,335.30 565.66,336.25 562.00,335.52
             557.42,334.60 555.99,332.48 551.00,331.94
             544.20,331.21 541.81,335.04 531.00,330.00
             531.00,330.00 536.00,325.00 536.00,325.00
             536.00,325.00 526.00,325.00 526.00,325.00
             526.00,325.00 530.00,320.00 530.00,320.00
             530.00,320.00 525.00,320.00 525.00,320.00
             525.00,320.00 525.00,318.00 525.00,318.00
             525.00,318.00 532.00,316.00 532.00,316.00
             532.00,316.00 533.00,318.00 533.00,318.00
             533.00,318.00 533.00,316.00 533.00,316.00
             537.67,317.88 538.43,315.79 541.03,317.19
             544.23,318.92 543.72,322.51 548.06,323.69
             552.48,324.89 556.70,322.81 563.67,326.36
             567.25,328.19 567.03,330.09 565.00,333.00
             567.97,331.01 567.71,330.49 568.00,326.96
             573.24,327.28 581.91,327.58 587.01,326.96
             593.75,326.04 595.27,321.72 601.94,324.40
             603.56,325.06 604.61,325.67 605.42,327.27
             605.42,327.27 607.00,333.00 607.00,333.00
             607.00,333.00 607.00,326.00 607.00,326.00
             614.45,325.17 617.68,320.68 622.00,330.00
             622.00,330.00 624.00,328.00 624.00,328.00
             624.00,328.00 625.00,332.00 625.00,332.00
             625.03,330.05 624.85,327.15 626.02,325.51
             629.30,320.92 635.20,325.68 639.00,320.00 Z
           M 600.00,326.00
           C 600.00,326.00 599.00,326.00 599.00,326.00
             599.00,326.00 600.00,327.00 600.00,327.00
             600.00,327.00 600.00,326.00 600.00,326.00 Z
           M 615.00,326.00
           C 615.00,326.00 613.00,326.00 613.00,326.00
             613.00,326.00 614.00,332.00 614.00,332.00
             614.00,332.00 615.00,326.00 615.00,326.00 Z
           M 562.00,327.00
           C 562.00,327.00 561.00,327.00 561.00,327.00
             561.00,327.00 562.00,328.00 562.00,328.00
             562.00,328.00 562.00,327.00 562.00,327.00 Z
           M 609.00,327.00
           C 609.00,327.00 608.00,327.00 608.00,327.00
             608.00,327.00 609.00,328.00 609.00,328.00
             609.00,328.00 609.00,327.00 609.00,327.00 Z
           M 631.00,327.00
           C 631.00,327.00 630.00,327.00 630.00,327.00
             630.00,327.00 631.00,328.00 631.00,328.00
             631.00,328.00 631.00,327.00 631.00,327.00 Z
           M 646.00,327.00
           C 646.00,327.00 645.00,327.00 645.00,327.00
             645.00,327.00 646.00,328.00 646.00,328.00
             646.00,328.00 646.00,327.00 646.00,327.00 Z
           M 653.00,327.00
           C 653.00,327.00 652.00,327.00 652.00,327.00
             652.00,327.00 653.00,328.00 653.00,328.00
             653.00,328.00 653.00,327.00 653.00,327.00 Z
           M 558.00,328.00
           C 558.00,328.00 558.00,333.00 558.00,333.00
             558.00,333.00 558.00,328.00 558.00,328.00 Z
           M 582.00,328.00
           C 582.00,328.00 581.00,328.00 581.00,328.00
             581.00,328.00 582.00,329.00 582.00,329.00
             582.00,329.00 582.00,328.00 582.00,328.00 Z
           M 589.00,328.00
           C 589.00,328.00 586.00,333.00 586.00,333.00
             589.06,331.73 588.72,331.21 589.00,328.00 Z
           M 591.00,328.00
           C 591.00,328.00 591.00,333.00 591.00,333.00
             591.00,333.00 591.00,328.00 591.00,328.00 Z
           M 632.00,328.00
           C 632.00,328.00 631.00,328.00 631.00,328.00
             631.00,328.00 632.00,329.00 632.00,329.00
             632.00,329.00 632.00,328.00 632.00,328.00 Z
           M 642.00,328.00
           C 642.00,328.00 642.00,333.00 642.00,333.00
             642.00,333.00 642.00,328.00 642.00,328.00 Z
           M 644.00,328.00
           C 644.00,328.00 644.00,333.00 644.00,333.00
             644.00,333.00 644.00,328.00 644.00,328.00 Z
           M 617.00,329.00
           C 617.00,329.00 616.00,329.00 616.00,329.00
             616.00,329.00 617.00,330.00 617.00,330.00
             617.00,330.00 617.00,329.00 617.00,329.00 Z
           M 649.00,329.00
           C 649.00,329.00 648.00,329.00 648.00,329.00
             648.00,329.00 649.00,330.00 649.00,330.00
             649.00,330.00 649.00,329.00 649.00,329.00 Z
           M 605.00,330.00
           C 605.00,330.00 604.00,330.00 604.00,330.00
             604.00,330.00 605.00,331.00 605.00,331.00
             605.00,331.00 605.00,330.00 605.00,330.00 Z
           M 616.00,330.00
           C 616.00,330.00 615.00,330.00 615.00,330.00
             615.00,330.00 616.00,331.00 616.00,331.00
             616.00,331.00 616.00,330.00 616.00,330.00 Z
           M 650.00,330.00
           C 650.00,330.00 649.00,330.00 649.00,330.00
             649.00,330.00 650.00,331.00 650.00,331.00
             650.00,331.00 650.00,330.00 650.00,330.00 Z
           M 598.00,331.00
           C 598.00,331.00 597.00,331.00 597.00,331.00
             597.00,331.00 598.00,332.00 598.00,332.00
             598.00,332.00 598.00,331.00 598.00,331.00 Z
           M 623.00,331.00
           C 623.00,331.00 622.00,331.00 622.00,331.00
             622.00,331.00 623.00,332.00 623.00,332.00
             623.00,332.00 623.00,331.00 623.00,331.00 Z
           M 596.00,333.00
           C 596.00,333.00 595.00,333.00 595.00,333.00
             595.00,333.00 596.00,334.00 596.00,334.00
             596.00,334.00 596.00,333.00 596.00,333.00 Z
           M 576.00,339.00
           C 576.00,339.00 575.00,344.00 575.00,344.00
             575.00,344.00 579.00,344.00 579.00,344.00
             579.00,344.00 578.00,339.00 578.00,339.00
             578.00,339.00 578.00,343.00 578.00,343.00
             578.00,343.00 576.00,339.00 576.00,339.00 Z
           M 583.00,340.00
           C 583.00,340.00 580.00,344.00 580.00,344.00
             582.71,342.87 582.45,342.87 583.00,340.00 Z
           M 586.00,340.00
           C 586.00,340.00 584.00,340.00 584.00,340.00
             584.00,340.00 585.00,344.00 585.00,344.00
             585.00,344.00 586.00,340.00 586.00,340.00 Z" />
</svg>
