<?xml version="1.0" encoding="UTF-8" standalone="no"?>
<!DOCTYPE svg PUBLIC "-//W3C//DTD SVG 20010904//EN"
              "http://www.w3.org/TR/2001/REC-SVG-20010904/DTD/svg10.dtd">

<svg xmlns="http://www.w3.org/2000/svg">
  <path id="EphelDuath"
        fill="#8F04A8" stroke="black" stroke-width="1"
        d="M 514.00,320.00
           C 514.00,320.00 516.00,320.00 516.00,320.00
             519.36,324.46 522.47,326.22 522.00,332.00
             522.00,332.00 525.00,333.00 525.00,333.00
             525.00,333.00 522.80,348.96 522.80,348.96
             524.18,354.75 529.97,352.08 527.00,361.00
             527.00,361.00 530.00,362.00 530.00,362.00
             529.31,370.13 535.68,366.31 535.72,371.95
             535.75,376.05 531.99,375.18 529.00,380.00
             529.00,380.00 540.00,380.00 540.00,380.00
             545.17,389.77 552.00,383.91 558.00,383.22
             561.47,382.83 564.70,384.14 568.00,385.00
             565.38,397.05 550.40,394.00 541.00,394.00
             541.00,394.00 541.00,397.00 541.00,397.00
             541.00,397.00 531.00,397.00 531.00,397.00
             529.20,392.14 527.93,392.17 523.00,392.00
             524.08,397.04 524.84,397.31 529.00,400.00
             524.99,401.31 524.93,401.86 525.00,406.00
             525.00,406.00 530.00,404.00 530.00,404.00
             530.00,404.00 526.00,404.00 526.00,404.00
             530.10,398.83 536.68,404.57 538.63,409.00
             540.71,413.73 536.25,414.73 536.37,419.04
             536.48,422.94 539.43,423.68 540.00,431.00
             540.00,431.00 530.00,432.00 530.00,432.00
             532.77,434.95 545.00,441.10 549.00,441.41
             552.00,441.64 554.89,439.75 557.79,440.33
             560.19,440.81 561.20,442.81 563.21,443.29
             566.06,443.97 568.24,441.69 570.99,442.00
             573.76,442.32 574.61,444.52 578.17,445.00
             578.17,445.00 600.00,445.00 600.00,445.00
             600.00,445.00 600.00,441.00 600.00,441.00
             600.00,441.00 609.00,441.00 609.00,441.00
             609.00,441.00 628.00,438.00 628.00,438.00
             628.00,438.00 625.00,433.00 625.00,433.00
             625.00,433.00 644.00,438.64 644.00,438.64
             644.00,438.64 656.00,438.00 656.00,438.00
             656.00,438.00 655.00,435.00 655.00,435.00
             655.00,435.00 666.73,433.83 666.73,433.83
             666.73,433.83 671.41,429.57 671.41,429.57
             671.41,429.57 678.87,428.41 678.87,428.41
             678.87,428.41 686.00,423.00 686.00,423.00
             685.42,421.59 684.70,420.86 685.03,419.10
             685.68,415.60 693.94,411.49 697.00,410.00
             694.19,404.56 696.33,398.70 698.00,393.00
             698.00,393.00 715.53,399.98 715.53,399.98
             715.53,399.98 719.00,404.00 719.00,404.00
             719.00,404.00 711.79,412.73 711.79,412.73
             711.79,412.73 704.60,417.27 704.60,417.27
             704.60,417.27 707.00,424.00 707.00,424.00
             703.05,424.00 693.21,423.16 690.31,425.60
             687.51,427.96 688.55,431.09 686.98,433.63
             686.11,435.03 684.37,436.24 683.15,437.37
             677.21,442.86 676.54,444.23 668.00,445.00
             666.61,448.97 665.11,449.15 661.00,448.83
             654.74,448.34 645.80,446.03 640.00,447.95
             640.00,447.95 628.00,452.68 628.00,452.68
             624.70,453.30 621.34,452.59 618.00,452.68
             618.00,452.68 605.00,454.82 605.00,454.82
             599.78,454.81 597.91,452.02 592.00,452.64
             589.59,452.65 588.68,453.04 586.00,452.64
             586.00,452.64 577.00,451.17 577.00,451.17
             577.00,451.17 555.00,449.30 555.00,449.30
             547.41,448.63 548.10,452.58 543.79,453.71
             539.18,454.92 533.42,452.19 529.00,451.00
             529.00,451.00 531.00,446.00 531.00,446.00
             531.00,446.00 525.00,444.00 525.00,444.00
             525.61,432.96 523.14,437.23 519.39,430.70
             519.39,430.70 515.37,422.09 515.37,422.09
             513.39,418.66 510.52,416.37 511.33,412.00
             511.33,412.00 514.16,405.00 514.16,405.00
             514.16,405.00 516.54,392.00 516.54,392.00
             516.54,392.00 516.54,387.00 516.54,387.00
             516.54,387.00 517.74,381.00 517.74,381.00
             518.45,376.62 517.28,373.34 519.00,369.00
             522.96,372.33 524.25,370.33 525.00,366.00
             525.00,366.00 519.00,366.00 519.00,366.00
             519.00,366.00 519.00,361.00 519.00,361.00
             519.00,361.00 523.00,365.00 523.00,365.00
             523.00,365.00 524.00,361.00 524.00,361.00
             524.00,361.00 526.00,364.00 526.00,364.00
             526.00,364.00 525.00,359.00 525.00,359.00
             520.07,359.58 519.71,360.00 517.00,364.00
             517.00,364.00 517.00,357.00 517.00,357.00
             512.02,352.50 514.71,352.49 513.96,347.42
             513.57,344.81 511.63,342.75 511.39,340.09
             511.16,337.47 512.76,336.37 512.46,334.49
             512.46,334.49 508.00,325.00 508.00,325.00
             508.00,325.00 514.00,320.00 514.00,320.00 Z
           M 527.00,372.00
           C 523.73,372.48 522.17,372.36 520.00,375.00
             520.00,375.00 525.00,375.00 525.00,375.00
             525.00,375.00 520.00,378.00 520.00,378.00
             525.06,378.13 525.76,376.64 527.00,372.00 Z
           M 524.00,382.00
           C 525.72,386.17 527.03,382.08 525.93,380.60
             524.94,379.28 520.56,378.15 522.00,385.00
             522.00,385.00 524.00,382.00 524.00,382.00 Z
           M 529.00,385.00
           C 529.00,385.00 522.00,388.00 522.00,388.00
             525.27,387.52 526.83,387.64 529.00,385.00 Z
           M 531.00,407.00
           C 531.00,407.00 525.00,408.00 525.00,408.00
             527.17,413.39 530.08,412.23 531.00,407.00 Z
           M 532.00,412.00
           C 532.00,412.00 526.00,414.00 526.00,414.00
             526.00,414.00 527.00,417.00 527.00,417.00
             527.00,417.00 532.00,416.00 532.00,416.00
             532.00,416.00 533.00,413.00 533.00,413.00
             533.00,413.00 532.00,412.00 532.00,412.00 Z
           M 535.00,417.00
           C 535.00,417.00 527.00,419.00 527.00,419.00
             527.00,419.00 531.00,419.00 531.00,419.00
             531.00,419.00 527.00,423.00 527.00,423.00
             532.61,422.53 532.20,421.56 535.00,417.00 Z" />
</svg>
