<?xml version="1.0" encoding="UTF-8" standalone="no"?>
<!DOCTYPE svg PUBLIC "-//W3C//DTD SVG 20010904//EN"
              "http://www.w3.org/TR/2001/REC-SVG-20010904/DTD/svg10.dtd">

<svg xmlns="http://www.w3.org/2000/svg">
  <path id="GreyMountains"
        fill="#8F04A8" stroke="black" stroke-width="1"
        d="M 391.00,51.00
           C 391.00,51.00 420.00,49.82 420.00,49.82
             420.00,49.82 434.00,48.00 434.00,48.00
             434.00,48.00 432.00,51.00 432.00,51.00
             446.33,48.43 446.30,52.94 459.00,53.00
             469.49,53.05 479.59,53.63 490.00,55.00
             490.00,55.00 490.00,62.00 490.00,62.00
             490.00,62.00 501.00,62.00 501.00,62.00
             501.00,62.00 502.00,57.00 502.00,57.00
             502.00,57.00 503.00,62.00 503.00,62.00
             503.00,62.00 503.00,56.00 503.00,56.00
             503.00,56.00 496.00,58.00 496.00,58.00
             496.00,58.00 493.00,57.00 493.00,57.00
             494.69,58.84 492.60,59.97 491.00,61.00
             491.00,61.00 491.00,55.00 491.00,55.00
             497.05,52.73 501.70,52.21 508.00,54.00
             508.00,54.00 504.00,56.00 504.00,56.00
             504.00,56.00 506.00,60.00 506.00,60.00
             506.00,60.00 504.00,62.00 504.00,62.00
             504.00,62.00 508.00,61.00 508.00,61.00
             508.00,61.00 505.00,57.00 505.00,57.00
             505.00,57.00 508.00,56.00 508.00,56.00
             508.00,56.00 508.00,64.00 508.00,64.00
             508.00,64.00 502.00,64.00 502.00,64.00
             502.00,64.00 502.00,67.00 502.00,67.00
             486.51,66.99 482.11,61.48 465.00,63.00
             465.00,63.00 466.00,56.00 466.00,56.00
             466.00,56.00 464.00,59.00 464.00,59.00
             464.00,59.00 463.00,56.00 463.00,56.00
             463.00,56.00 463.00,64.00 463.00,64.00
             463.00,64.00 469.00,66.16 469.00,66.16
             469.00,66.16 441.00,66.16 441.00,66.16
             441.00,66.16 423.00,66.16 423.00,66.16
             423.00,66.16 424.00,68.00 424.00,68.00
             424.00,68.00 423.00,69.00 423.00,69.00
             423.00,69.00 401.00,62.00 401.00,62.00
             401.00,62.00 405.00,62.00 405.00,62.00
             405.00,62.00 407.00,56.00 407.00,56.00
             407.00,56.00 401.00,61.00 401.00,61.00
             401.00,61.00 401.00,59.00 401.00,59.00
             401.00,59.00 403.00,58.00 403.00,58.00
             403.00,58.00 401.00,56.00 401.00,56.00
             401.00,56.00 402.00,56.00 402.00,56.00
             402.00,56.00 403.00,54.00 403.00,54.00
             399.50,56.34 400.05,58.05 400.00,62.00
             400.00,62.00 392.00,61.00 392.00,61.00
             393.05,56.03 392.45,55.71 391.00,51.00 Z
           M 416.00,54.00
           C 416.00,54.00 414.00,54.00 414.00,54.00
             414.00,54.00 411.00,58.00 411.00,58.00
             411.00,58.00 408.00,56.00 408.00,56.00
             408.00,56.00 407.00,61.00 407.00,61.00
             407.00,61.00 416.00,62.00 416.00,62.00
             416.00,62.00 416.00,54.00 416.00,54.00 Z
           M 420.00,54.00
           C 420.00,54.00 420.00,62.00 420.00,62.00
             420.00,62.00 421.00,59.00 421.00,59.00
             421.00,59.00 423.00,59.00 423.00,59.00
             423.00,59.00 424.00,62.00 424.00,62.00
             424.00,62.00 423.00,54.00 423.00,54.00
             423.00,54.00 421.00,58.00 421.00,58.00
             421.00,58.00 420.00,54.00 420.00,54.00 Z
           M 426.00,54.00
           C 426.00,54.00 425.00,54.00 425.00,54.00
             425.00,54.00 426.00,55.00 426.00,55.00
             426.00,55.00 426.00,54.00 426.00,54.00 Z
           M 431.00,54.00
           C 431.00,54.00 427.00,55.00 427.00,55.00
             427.00,55.00 427.00,62.00 427.00,62.00
             427.00,62.00 431.00,62.00 431.00,62.00
             431.00,62.00 431.00,58.00 431.00,58.00
             431.00,58.00 433.00,58.00 433.00,58.00
             433.00,58.00 434.00,62.00 434.00,62.00
             434.00,62.00 431.00,54.00 431.00,54.00 Z
           M 439.00,54.00
           C 439.00,54.00 438.00,54.00 438.00,54.00
             438.00,54.00 439.00,55.00 439.00,55.00
             439.00,55.00 439.00,54.00 439.00,54.00 Z
           M 449.00,54.00
           C 446.78,57.02 446.63,58.51 448.00,62.00
             448.00,62.00 449.00,54.00 449.00,54.00 Z
           M 455.00,55.00
           C 450.15,54.36 448.81,56.78 451.00,61.00
             451.00,61.00 452.00,55.00 452.00,55.00
             452.00,55.00 455.00,55.00 455.00,55.00 Z
           M 471.00,54.00
           C 469.75,57.17 469.75,58.83 471.00,62.00
             471.00,62.00 472.00,59.00 472.00,59.00
             472.00,59.00 474.00,59.00 474.00,59.00
             474.00,59.00 475.00,62.00 475.00,62.00
             475.00,62.00 474.00,54.00 474.00,54.00
             474.00,54.00 472.00,58.00 472.00,58.00
             472.00,58.00 471.00,54.00 471.00,54.00 Z
           M 426.00,56.00
           C 426.00,56.00 426.00,62.00 426.00,62.00
             426.00,62.00 426.00,56.00 426.00,56.00 Z
           M 439.00,56.00
           C 439.00,56.00 435.00,56.00 435.00,56.00
             435.00,56.00 436.00,62.00 436.00,62.00
             436.00,62.00 436.00,57.00 436.00,57.00
             436.00,57.00 438.00,57.00 438.00,57.00
             438.00,57.00 439.00,62.00 439.00,62.00
             439.00,62.00 439.00,56.00 439.00,56.00 Z
           M 444.00,62.00
           C 443.67,58.09 443.83,57.34 440.00,56.00
             440.00,56.00 441.00,62.00 441.00,62.00
             441.00,62.00 442.00,57.00 442.00,57.00
             442.00,57.00 444.00,62.00 444.00,62.00 Z
           M 458.00,56.00
           C 458.00,56.00 452.00,58.00 452.00,58.00
             452.00,58.00 451.00,62.00 451.00,62.00
             451.00,62.00 457.00,62.00 457.00,62.00
             457.00,62.00 458.00,56.00 458.00,56.00 Z
           M 462.00,56.00
           C 456.68,57.87 458.04,61.76 462.00,61.00
             462.00,61.00 462.00,56.00 462.00,56.00 Z
           M 482.00,56.00
           C 482.00,56.00 477.00,56.00 477.00,56.00
             477.00,56.00 476.00,62.00 476.00,62.00
             476.00,62.00 480.00,60.00 480.00,60.00
             480.00,60.00 484.00,62.00 484.00,62.00
             484.00,62.00 483.00,56.00 483.00,56.00
             483.00,56.00 482.00,61.00 482.00,61.00
             482.00,61.00 482.00,56.00 482.00,56.00 Z
           M 489.00,56.00
           C 489.00,56.00 485.00,56.00 485.00,56.00
             485.00,56.00 486.00,62.00 486.00,62.00
             486.00,62.00 488.00,57.00 488.00,57.00
             488.00,57.00 489.00,62.00 489.00,62.00
             489.00,62.00 489.00,56.00 489.00,56.00 Z
           M 449.00,62.00
           C 449.00,62.00 448.00,62.00 448.00,62.00
             448.00,62.00 449.00,63.00 449.00,63.00
             449.00,63.00 449.00,62.00 449.00,62.00 Z" />
</svg>
