<?xml version="1.0" encoding="UTF-8" standalone="no"?>
<!DOCTYPE svg PUBLIC "-//W3C//DTD SVG 20010904//EN"
              "http://www.w3.org/TR/2001/REC-SVG-20010904/DTD/svg10.dtd">

<svg xmlns="http://www.w3.org/2000/svg">
  <path id="Mirkwood"
        fill="#8F04A8" stroke="black" stroke-width="1"
        d="M 456.16,194.00
           C 463.89,191.93 459.42,189.48 459.53,184.00
             459.60,180.33 463.17,174.46 457.47,166.00
             454.91,162.20 451.83,159.53 450.34,155.00
             448.15,148.36 449.68,142.25 448.57,138.00
             447.53,134.00 444.60,131.78 443.51,128.00
             442.11,123.15 444.98,122.12 439.72,113.00
             439.72,113.00 435.37,106.00 435.37,106.00
             430.85,99.67 425.53,95.43 430.99,87.04
             432.99,83.98 434.99,82.95 438.00,81.14
             440.81,79.46 443.82,77.38 447.00,76.56
             447.00,76.56 476.00,76.00 476.00,76.00
             480.85,76.06 489.87,78.00 493.79,80.84
             493.79,80.84 510.32,103.00 510.32,103.00
             515.46,109.05 523.68,112.44 524.44,117.90
             524.94,121.55 521.09,122.03 520.41,126.04
             519.84,129.35 522.28,133.13 522.49,136.00
             522.70,138.73 520.83,142.60 519.48,144.96
             516.84,149.61 511.16,152.46 510.75,158.00
             510.51,161.25 516.45,170.71 518.00,175.00
             510.28,177.12 499.63,170.69 496.19,176.31
             493.78,180.27 497.99,183.81 501.00,185.65
             504.68,187.89 515.07,192.69 517.40,195.53
             520.12,198.84 521.77,214.79 506.00,218.00
             506.00,218.00 502.00,207.00 502.00,207.00
             496.77,208.96 493.98,208.80 490.00,213.19
             492.93,212.59 500.07,210.21 501.83,213.19
             502.22,214.08 502.22,214.79 501.83,215.48
             501.24,216.54 495.57,219.04 494.00,220.00
             494.00,220.00 497.00,221.00 497.00,221.00
             494.92,223.86 493.33,226.02 490.00,227.57
             485.80,229.53 467.77,229.50 463.00,228.48
             463.00,228.48 450.00,223.81 450.00,223.81
             446.15,222.36 431.28,219.49 433.66,213.31
             434.71,210.56 438.23,211.45 442.00,209.93
             445.33,208.59 455.23,204.17 456.16,200.90
             456.90,199.12 456.24,195.91 456.16,194.00 Z
           M 461.00,114.00
           C 461.00,114.00 459.00,114.00 459.00,114.00
             459.00,114.00 459.00,125.00 459.00,125.00
             459.00,125.00 461.00,125.00 461.00,125.00
             461.00,125.00 461.00,114.00 461.00,114.00 Z
           M 471.00,114.00
           C 467.42,116.55 467.46,117.12 463.00,117.00
             463.00,117.00 463.00,125.00 463.00,125.00
             463.00,125.00 465.00,125.00 465.00,125.00
             465.63,121.24 465.65,120.89 469.00,119.00
             469.00,119.00 469.00,125.00 469.00,125.00
             469.00,125.00 473.00,123.00 473.00,123.00
             473.00,123.00 477.00,125.00 477.00,125.00
             477.00,125.00 474.00,120.00 474.00,120.00
             474.00,120.00 477.00,117.00 477.00,117.00
             477.00,117.00 472.00,119.00 472.00,119.00
             472.00,119.00 471.00,114.00 471.00,114.00 Z
           M 518.00,114.00
           C 518.00,114.00 516.00,114.00 516.00,114.00
             516.00,114.00 516.00,118.00 516.00,118.00
             508.34,116.67 509.91,122.71 511.60,124.17
             513.27,125.63 515.98,125.15 518.00,125.00
             518.00,125.00 518.00,114.00 518.00,114.00 Z
           M 449.00,115.00
           C 449.00,115.00 446.00,115.00 446.00,115.00
             446.00,115.00 446.00,125.00 446.00,125.00
             446.00,125.00 448.00,125.00 448.00,125.00
             448.00,125.00 449.00,120.00 449.00,120.00
             449.00,120.00 450.00,124.00 450.00,124.00
             450.00,124.00 452.00,124.00 452.00,124.00
             452.00,124.00 454.00,120.00 454.00,120.00
             454.00,120.00 454.00,125.00 454.00,125.00
             454.00,125.00 457.00,125.00 457.00,125.00
             457.00,125.00 457.00,115.00 457.00,115.00
             457.00,115.00 453.00,115.00 453.00,115.00
             453.00,115.00 451.00,120.00 451.00,120.00
             451.00,120.00 449.00,115.00 449.00,115.00 Z
           M 479.00,117.00
           C 477.83,121.19 478.89,123.58 483.00,125.00
             483.00,125.00 484.00,121.00 484.00,121.00
             485.19,123.96 484.99,123.92 488.00,125.00
             488.00,125.00 490.00,117.00 490.00,117.00
             490.00,117.00 486.00,122.00 486.00,122.00
             486.00,122.00 485.00,117.00 485.00,117.00
             485.00,117.00 483.00,117.00 483.00,117.00
             483.00,117.00 481.00,121.00 481.00,121.00
             481.00,121.00 479.00,117.00 479.00,117.00 Z
           M 494.13,117.74
           C 488.70,121.15 492.46,125.89 495.87,125.04
             499.15,124.22 500.51,118.01 494.13,117.74 Z
           M 503.13,117.71
           C 497.90,121.12 501.50,125.69 504.94,124.93
             508.78,124.08 510.34,117.43 503.13,117.71 Z
           M 468.00,138.00
           C 463.10,138.75 453.94,140.00 452.00,145.00
             462.32,144.29 460.37,146.13 457.00,154.00
             457.00,154.00 458.00,155.00 458.00,155.00
             458.00,155.00 465.08,150.58 465.08,150.58
             467.02,149.74 469.39,149.95 470.38,147.69
             471.63,144.85 469.17,140.57 468.00,138.00 Z
           M 478.00,156.00
           C 477.28,154.95 477.24,154.23 475.71,153.78
             472.53,152.83 462.51,156.86 460.00,159.25
             465.81,160.37 467.27,158.42 469.80,159.25
             475.69,161.99 466.86,164.69 465.00,165.00
             465.00,165.00 465.00,168.00 465.00,168.00
             472.81,167.30 479.02,165.56 473.00,157.00
             473.00,157.00 478.00,156.00 478.00,156.00 Z
           M 473.06,169.60
           C 464.97,174.62 473.27,183.01 479.89,180.26
             484.26,178.44 484.14,173.34 480.72,170.60
             478.30,168.66 475.83,169.03 473.06,169.60 Z
           M 487.00,180.00
           C 485.42,180.71 484.47,181.10 483.00,182.13
             483.00,182.13 480.16,184.44 480.16,184.44
             472.21,192.47 488.80,191.99 493.00,192.00
             489.93,187.91 486.78,189.00 482.00,189.00
             482.00,189.00 487.00,180.00 487.00,180.00 Z
           M 488.00,208.00
           C 490.22,207.27 494.90,206.09 496.40,204.44
             500.08,200.40 496.04,196.26 492.00,195.00
             492.00,195.00 494.00,203.00 494.00,203.00
             490.26,193.58 484.53,196.07 483.99,199.13
             483.58,201.43 486.81,205.91 488.00,208.00 Z" />
</svg>
