<?xml version="1.0" encoding="UTF-8" standalone="no"?>
<!DOCTYPE svg PUBLIC "-//W3C//DTD SVG 20010904//EN"
              "http://www.w3.org/TR/2001/REC-SVG-20010904/DTD/svg10.dtd">

<svg xmlns="http://www.w3.org/2000/svg">
  <path id="SeaRhun"
        fill="#8F04A8" stroke="black" stroke-width="1"
        d="M 678.00,191.00
           C 680.47,192.62 683.15,194.81 686.00,195.57
             686.00,195.57 698.00,196.75 698.00,196.75
             702.56,197.43 708.52,199.28 712.98,196.75
             718.96,193.90 719.40,185.83 724.96,186.58
             729.84,187.23 729.21,195.19 729.89,199.00
             731.14,205.97 736.32,209.74 733.27,218.00
             730.48,225.53 722.80,227.60 721.45,233.02
             720.18,238.06 723.77,239.86 724.00,249.00
             715.17,244.22 711.31,233.56 705.00,231.21
             701.48,229.89 697.69,232.68 695.00,234.67
             685.84,241.46 686.38,244.60 675.00,251.00
             675.00,251.00 673.11,234.09 673.11,234.09
             671.08,229.10 665.89,228.28 667.15,220.02
             668.03,214.21 672.86,214.24 676.35,209.82
             681.13,203.76 679.27,197.76 678.00,191.00 Z
           M 692.00,202.00
           C 683.98,200.98 686.70,205.76 691.00,209.00
             691.00,209.00 686.00,209.00 686.00,209.00
             688.93,212.25 691.28,210.53 694.00,208.00
             695.87,210.80 697.48,211.76 700.00,209.00
             700.00,209.00 695.00,208.00 695.00,208.00
             695.00,208.00 700.00,208.00 700.00,208.00
             698.59,203.97 696.55,203.23 694.00,207.00
             694.00,207.00 688.00,203.00 688.00,203.00
             688.00,203.00 692.00,202.00 692.00,202.00 Z
           M 723.00,201.00
           C 723.00,201.00 721.00,201.00 721.00,201.00
             719.46,205.04 719.30,206.98 721.00,211.00
             721.00,211.00 723.00,204.00 723.00,204.00
             723.00,204.00 721.00,204.00 721.00,204.00
             721.00,204.00 723.00,201.00 723.00,201.00 Z
           M 707.00,211.00
           C 706.87,207.34 705.45,201.12 701.00,206.00
             701.00,206.00 705.00,206.00 705.00,206.00
             701.58,207.20 701.62,207.46 701.00,211.00
             701.00,211.00 707.00,211.00 707.00,211.00 Z
           M 714.26,204.74
           C 710.38,207.81 713.47,210.99 715.74,210.26
             717.78,209.60 719.24,204.99 714.26,204.74 Z
           M 697.00,227.00
           C 696.00,219.46 696.36,217.53 690.00,217.00
             690.00,217.00 690.00,227.00 690.00,227.00
             690.00,227.00 692.00,227.00 692.00,227.00
             692.00,227.00 692.00,223.00 692.00,223.00
             692.00,223.00 697.00,227.00 697.00,227.00 Z
           M 699.00,217.00
           C 697.50,220.79 697.56,223.68 700.00,227.00
             700.00,227.00 700.00,221.00 700.00,221.00
             700.00,221.00 703.00,221.00 703.00,221.00
             703.00,221.00 704.00,227.00 704.00,227.00
             703.92,220.94 703.99,220.48 699.00,217.00 Z
           M 707.00,219.00
           C 704.87,224.44 706.43,226.53 712.00,227.00
             712.00,227.00 712.00,219.00 712.00,219.00
             712.00,219.00 710.00,219.00 710.00,219.00
             710.00,219.00 710.00,225.00 710.00,225.00
             710.00,225.00 708.00,225.00 708.00,225.00
             708.00,225.00 707.00,219.00 707.00,219.00 Z
           M 719.00,227.00
           C 718.93,221.24 719.26,219.52 713.00,219.00
             713.00,219.00 715.00,227.00 715.00,227.00
             715.00,227.00 715.00,221.00 715.00,221.00
             715.00,221.00 718.00,221.00 718.00,221.00
             718.00,221.00 719.00,227.00 719.00,227.00 Z" />
</svg>
